# Blender 4.5.0
# www.blender.org
o bunny
v 0.010188 0.092814 -0.040100
v 0.027571 0.041509 0.021214
v -0.041697 -0.049044 0.035981
v -0.031013 0.066378 0.001757
v 0.004936 -0.037653 0.038129
v -0.007732 -0.048788 0.045155
v -0.058445 0.046087 0.042848
v -0.069531 0.043086 -0.007454
v -0.006791 -0.032714 0.025168
v -0.056621 0.064246 -0.014335
v -0.022844 -0.038072 0.028755
v 0.020559 -0.024380 0.046733
v -0.040492 0.067267 0.024419
v 0.061420 0.024671 0.004925
v -0.040261 0.023745 -0.026974
v -0.070246 0.002995 0.010665
v 0.070853 -0.011754 -0.000124
v -0.048728 0.028562 0.042333
v -0.029579 0.055724 -0.010922
v 0.028717 0.046113 -0.007105
v -0.057720 0.019427 0.023864
v -0.055850 -0.004857 -0.027776
v -0.047334 -0.005281 0.033806
v -0.070927 0.024016 0.003975
v -0.000351 0.003633 0.046880
v -0.012956 0.003150 0.032838
v -0.037079 0.027502 0.026101
v 0.030903 0.016774 0.034331
v -0.043804 0.066987 -0.007322
v -0.015514 0.016767 0.029955
v 0.038347 -0.047602 0.033387
v 0.012126 0.025211 -0.030631
v 0.009846 0.074813 -0.024688
v 0.060261 0.007307 0.024500
v 0.061611 -0.031968 0.022750
v 0.079916 -0.016405 0.009234
v -0.035697 0.051998 0.020278
v 0.040431 -0.006808 0.041556
v -0.069809 0.063821 0.009698
v -0.071046 0.028261 0.032755
v -0.040973 0.088561 -0.072208
v 0.077798 -0.032029 -0.013542
v 0.047522 0.018055 -0.027845
v 0.060259 -0.029340 -0.018718
v -0.012743 0.006262 -0.036651
v -0.017781 0.039533 0.006595
v -0.056147 0.092533 -0.063402
v -0.000246 0.099989 -0.024822
v -0.043631 -0.052720 0.010162
v -0.054741 -0.050854 -0.010298
v 0.059660 -0.000700 -0.026040
v -0.029396 -0.035508 0.005212
v -0.020657 -0.052710 -0.042045
v -0.029646 -0.029212 -0.019828
v -0.005484 -0.038973 -0.038187
v -0.047505 0.064764 -0.062184
v -0.011609 -0.034884 -0.020897
v -0.007341 -0.011323 -0.047586
v -0.060131 -0.019116 -0.001919
v 0.014727 0.002681 -0.049181
v -0.028044 -0.053228 -0.024207
v -0.029189 0.039988 -0.017048
v 0.042753 -0.035828 -0.036689
v -0.045584 0.053408 -0.019923
v 0.013889 -0.035045 -0.044017
v 0.032559 -0.053747 -0.029992
v -0.011921 -0.050247 -0.028798
v 0.025307 -0.053412 -0.002742
v 0.038424 -0.052523 -0.006728
v 0.043696 -0.050670 0.000579
v 0.073281 -0.044699 0.005760
v -0.033179 -0.054302 0.004609
v -0.020236 -0.054035 -0.012273
v -0.023895 -0.053299 -0.002408
v -0.011616 -0.049133 -0.011241
v -0.003149 -0.050623 0.004836
v 0.035639 -0.057065 0.011633
v -0.008488 -0.052231 0.006277
v -0.027808 -0.020831 0.027961
v 0.030386 -0.049831 0.023120
v -0.021815 -0.053729 0.014557
v 0.002594 -0.048618 0.029543
v -0.014020 -0.051455 0.022587
v -0.005293 -0.052623 0.033347
s 0
f 10 39 13
f 51 14 17
f 8 39 10
f 23 27 21
f 38 28 25
f 44 51 17
f 38 25 12
f 23 26 27
f 26 30 27
f 26 23 79
f 5 31 12
f 30 46 27
f 11 26 79
f 9 26 11
f 17 35 36
f 30 2 46
f 3 11 52
f 5 12 25
f 28 2 30
f 42 17 36
f 4 48 29
f 31 38 12
f 18 37 7
f 7 37 13
f 48 33 1
f 18 46 37
f 34 14 2
f 18 27 46
f 35 38 31
f 34 28 38
f 34 2 28
f 17 34 35
f 66 63 69
f 66 67 53
f 71 36 35
f 35 34 38
f 33 48 4
f 68 76 67
f 42 71 69
f 19 33 4
f 56 29 64
f 68 82 76
f 61 57 53
f 11 3 84
f 59 16 22
f 57 54 45
f 31 77 35
f 63 44 69
f 83 84 3
f 3 52 49
f 29 56 41
f 51 43 14
f 37 4 13
f 71 42 36
f 37 19 4
f 14 34 17
f 62 19 46
f 16 21 24
f 20 46 2
f 41 47 29
f 10 13 29
f 24 39 8
f 29 13 4
f 19 37 46
f 43 20 14
f 20 2 14
f 19 29 1
f 10 29 47
f 26 5 25
f 26 9 5
f 28 30 26
f 39 7 13
f 18 7 40
f 23 21 16
f 6 5 9
f 52 11 79
f 6 9 11
f 84 6 11
f 26 25 28
f 7 39 40
f 20 43 32
f 56 10 47
f 58 55 57
f 56 64 10
f 58 57 45
f 40 39 24
f 76 75 67
f 49 52 50
f 24 15 22
f 45 43 60
f 54 59 22
f 8 10 64
f 16 24 22
f 52 54 50
f 57 55 53
f 43 51 60
f 80 82 68
f 17 42 44
f 78 83 81
f 78 81 74
f 78 74 73
f 19 64 29
f 46 20 62
f 43 45 32
f 19 62 64
f 62 20 32
f 62 32 15
f 8 64 15
f 61 50 54
f 15 64 62
f 69 44 42
f 44 63 51
f 45 15 32
f 61 54 57
f 24 8 15
f 63 60 51
f 63 65 60
f 54 22 45
f 22 15 45
f 66 53 63
f 55 65 63
f 76 83 78
f 63 53 55
f 1 29 48
f 47 41 56
f 55 58 65
f 65 58 60
f 58 45 60
f 19 1 33
f 77 31 80
f 31 84 80
f 71 70 69
f 71 77 70
f 21 40 24
f 71 35 77
f 66 68 67
f 21 18 40
f 82 83 76
f 23 16 59
f 54 52 59
f 27 18 21
f 61 72 50
f 59 79 23
f 77 80 68
f 72 49 50
f 52 79 59
f 66 69 68
f 61 74 72
f 53 67 61
f 81 49 72
f 74 61 67
f 73 74 67
f 73 67 75
f 31 5 6
f 31 6 84
f 83 49 81
f 3 49 83
f 68 69 77
f 84 83 82
f 84 82 80
f 81 72 74
f 77 69 70
f 76 78 75
f 73 75 78
